%YAML:1.0
R: !!opencv-matrix
   rows: 3
   cols: 3
   dt: d
   data: [ 9.9989274746528356e-01, 1.3552604551915266e-02,
       5.5516192400110482e-03, -1.3399428856814336e-02,
       9.9955216460599272e-01, -2.6756784892539805e-02,
       -5.9117571531505332e-03, 2.6679526632492578e-02,
       9.9962655726327543e-01 ]
T: !!opencv-matrix
   rows: 3
   cols: 1
   dt: d
   data: [ -9.3708753005368042e+00, 5.8728152227710780e-02,
       1.0487760996052083e-01 ]
R1: !!opencv-matrix
   rows: 3
   cols: 3
   dt: d
   data: [ 9.9996062597654023e-01, 6.9891488958821798e-03,
       -5.4679332765679841e-03, -7.0617333267276776e-03,
       9.9988568319913274e-01, -1.3369833799482256e-02,
       5.3738644407907033e-03, 1.3407920461980048e-02,
       9.9989566918246886e-01 ]
R2: !!opencv-matrix
   rows: 3
   cols: 3
   dt: d
   data: [ 9.9991774295234659e-01, -6.2665780452685433e-03,
       -1.1190948515980919e-02, 6.4158550970345339e-03,
       9.9989025596057401e-01, 1.3353383034710368e-02,
       1.1106040359130421e-02, -1.3424084128922650e-02,
       9.9984821339683405e-01 ]
P1: !!opencv-matrix
   rows: 3
   cols: 4
   dt: d
   data: [ 3.5009176773624682e+02, 0., 1.0014737167358398e+03, 0., 0.,
       3.5009176773624682e+02, 5.9407517242431641e+02, 0., 0., 0., 1.,
       0. ]
P2: !!opencv-matrix
   rows: 3
   cols: 4
   dt: d
   data: [ 3.5009176773624682e+02, 0., 1.0014737167358398e+03,
       -3.2809361793245134e+03, 0., 3.5009176773624682e+02,
       5.9407517242431641e+02, 0., 0., 0., 1., 0. ]
Q: !!opencv-matrix
   rows: 4
   cols: 4
   dt: d
   data: [ 1., 0., 0., -1.0014737167358398e+03, 0., 1., 0.,
       -5.9407517242431641e+02, 0., 0., 0., 3.5009176773624682e+02, 0.,
       0., 1.0670483929020666e-01, 0. ]
