%YAML:1.0
M1: !!opencv-matrix
   rows: 3
   cols: 3
   dt: d
   data: [ 8.6590020929041100e+02, 0., 9.7763454212338900e+02, 0.,
       8.5670149775272000e+02, 5.5152742025931684e+02, 0., 0., 1. ]
D1: !!opencv-matrix
   rows: 1
   cols: 8
   dt: d
   data: [ -2.2613005113323092e-01, 6.0767227428279474e-02, 0., 0., 0.,
       0., 0., 1.2363475191059736e-02 ]
M2: !!opencv-matrix
   rows: 3
   cols: 3
   dt: d
   data: [ 8.6590020929041100e+02, 0., 9.5551504197579141e+02, 0.,
       8.5670149775272000e+02, 5.6858611494727290e+02, 0., 0., 1. ]
D2: !!opencv-matrix
   rows: 1
   cols: 8
   dt: d
   data: [ -2.3438259557544908e-01, 7.2263199160028255e-02, 0., 0., 0.,
       0., 0., 1.7836726794772041e-02 ]
